<Vector3r> {   'x_val': 31.3125,
    'y_val': -54.07359313964844,
    'z_val': 0.7279150485992432}
