<Vector3r> {   'x_val': 3.9124999046325684,
    'y_val': -25.373592376708984,
    'z_val': 0.4279150366783142}
