<Vector3r> {   'x_val': -4.887499809265137,
    'y_val': -52.97359085083008,
    'z_val': 0.6279150247573853}
