<Vector3r> {   'x_val': 40.912498474121094,
    'y_val': 2.126406192779541,
    'z_val': 0.5279150009155273}
